12
402
223
323
115
164
254
495
324
136
267
412
242
161
14
210
365
62
415
435
305
375
67
224
266
455
29
2
306
261
119
118
49
206
290
286
356
392
277
163
135
14
68
321
140
364
205
69
241
375
483
244
491
313
205
375
148
71
169
175
472
224
56
70
227
357
164
199
144
359
456
364
474
88
410
91
434
23
449
362
302
29
384
44
439
386
284
7
51
378
129
319
367
329
386
20
378
480
436
277
241
442
303
365
475
58
500
223
31
283
80
289
159
446
297
335
457
97
463
494
234
408
121
220
192
19
54
292
376
132
409
500
436
17
95
484
372
74
67
327
352
426
122
25
440
182
146
375
306
230
491
275
104
303
353
166
379
143
44
194
149
218
16
329
357
133
70
407
315
407
121
188
248
117
463
134
429
165
103
313
222
257
59
238
253
452
328
77
134
248
485
419
208
16
445
12
124
366
317
296
